         ps       /mp1_tb/mem_address                
          delta       /mp1_tb/mem_write              
                  /mp1_tb/mem_byte_enable            
                             /mp1_tb/mem_wdata       
          0  +0                  xxxx x x xxxx 
          0  +1                  0000 0 3 0000 
    3155000  +5                  00f4 1 3 01e0 
    3385000  +4                  00f4 0 3 01e0 
    5225000  +5                  00f6 1 3 000a 
    5455000  +4                  00f6 0 3 000a 
    6515000  +5                  00f8 1 3 4537 
    6745000  +4                  00f8 0 3 4537 
   10205000  +5                  00fa 1 3 a342 
   10435000  +4                  00fa 0 3 a342 
   10715000  +5                  00fc 1 3 01a1 
   10945000  +4                  00fc 0 3 01a1 
   11225000  +5                  00fe 1 3 fe62 
   11455000  +4                  00fe 0 3 fe62 
   12005000  +5                  0102 1 3 0100 
   12235000  +4                  0102 0 3 0100 
   13025000  +5                  0100 1 3 fe6f 
   13255000  +4                  0100 0 3 fe6f 
   21365000  +5                  0102 1 3 001a 
   21595000  +4                  0102 0 3 001a 
   23205000  +5                  0104 1 3 ff9b 
   23435000  +4                  0104 0 3 ff9b 
   24525000  +5                  0106 1 3 000d 
   24755000  +4                  0106 0 3 000d 
   27115000  +5                  0108 1 3 517a 
   27345000  +4                  0108 0 3 517a 
   29455000  +5                  010a 1 3 010a 
   29685000  +4                  010a 0 3 010a 
   30775000  +5                  014d 1 2 9090 
   31005000  +4                  014d 0 3 9090 
   31285000  +5                  014c 1 1 8383 
   31515000  +4                  014c 0 3 8383 
   32305000  +5                  010a 1 3 0000 
   32535000  +4                  010a 0 3 0000 
   33085000  +5                  0110 1 3 00f2 
   33315000  +4                  0110 0 3 00f2 
   34345000  +5                  010e 1 3 0646 
   34575000  +4                  010e 0 3 0646 
   36175000  +5                  00a2 1 3 126c 
   36405000  +4                  00a2 0 3 126c 
   36955000  +5                  0112 1 3 000c 
   37185000  +4                  0112 0 3 000c 
   38515000  +5                  0114 1 3 ae85 
   38745000  +4                  0114 0 3 ae85 
   41915000  +5                  0116 1 3 600d 
   42145000  +4                  0116 0 3 600d 
   43515000  +5                  0118 1 3 00d8 
   43745000  +4                  0118 0 3 00d8 
